# B3LYP relaxed scan, gas phase: Cl-C-C-Cl dihedral (deg), E (hartree)
-179.98985 -999.1106
-170.26096 -999.1102
-160.53216 -999.1091
-150.80318 -999.10757
-141.07420 -999.106
-131.34516 -999.1048
-121.61614 -999.10435
-111.88714 -999.1048
-102.15817 -999.10601
-92.42881 -999.1076
-82.69978 -999.10909
-72.97116 -999.11001
-63.24217 -999.10999
-53.51322 -999.10893
-43.78420 -999.107
-34.05527 -999.10457
-24.32623 -999.10215
-14.59727 -999.1002
-4.86810 -999.0991
4.86117 -999.0991
14.59018 -999.10018
24.31925 -999.10213
34.04818 -999.10456
43.77718 -999.107
53.50619 -999.10894
63.23515 -999.10999
72.96420 -999.11
82.69323 -999.10909
92.42215 -999.1076
102.15120 -999.10599
111.88021 -999.10481
121.60915 -999.10436
131.33817 -999.1048
141.06715 -999.10599
150.79619 -999.10757
160.52522 -999.1091
170.25417 -999.11019
179.98322 -999.1106
